Validation:
large = 0.9996314722682882
small = 0.9992629445365764
large_augmented = 0.43430993182236965
small_augmented = 0.40187949143173024
large_cropped = 0.9996314722682882
small_cropped = 0.9990786806707205

Fruit360:
large = 0.9998157361341441
small = 0.9990786806707205
large_augmented = 0.4361525704809287
small_augmented = 0.40169522756587434
large_cropped = 1.0
small_cropped = 0.9994472084024323

Vegfru:
large = 0.08462645976643737
small = 0.10222364421692529
large_augmented = 0.07854743241081427
small_augmented = 0.07710766277395617
large_cropped = 0.09566469364901616
small_cropped = 0.08126699728043513